1
1
1
4
4
4
4
9
9
9
11
12
16
16
17
17
17
17
17
18
18
18
20
20
22
25
26
27
28
28
28
29
30
31
31
31
32
32
32
32
33
35
36
37
40
40
41
41
42
42
44
47
48
50
50
51
52
53
53
54
57
58
59
60
61
62
63
64
65
66
66
67
69
69
69
70
70
70
71
71
76
76
77
80
80
80
82
84
84
86
86
87
89
90
92
92
93
95
96
97
98
99
102
102
102
103
103
104
105
106
108
109
111
112
113
114
115
117
120
122
122
123
123
123
125
126
126
127
128
129
129
130
130
130
131
132
132
136
137
138
139
139
140
140
141
142
145
147
148
149
149
150
152
152
152
153
154
155
155
156
157
158
158
159
159
161
162
165
165
166
166
167
168
168
169
169
170
171
172
172
172
173
173
175
175
176
177
180
181
181
182
182
184
185
185
186
190
192
192
193
193
193
194
195
196
197
197
199
199
200
200
202
205
205
205
209
209
211
212
213
218
218
218
221
222
222
223
225
225
228
235
236
236
237
238
238
239
239
240
242
244
244
245
247
247
248
248
248
248
249
251
252
255
255
256
257
258
258
259
261
263
263
263
264
266
266
266
268
269
273
273
273
274
275
275
276
277
277
278
280
281
281
281
281
282
285
285
287
288
288
290
291
292
293
294
295
295
295
295
295
296
297
298
300
301
303
303
304
304
304
305
305
305
305
306
306
308
308
309
309
312
312
312
319
321
321
322
322
322
323
324
326
326
328
329
329
330
331
331
332
333
334
335
335
335
336
338
342
343
344
346
348
348
350
352
353
354
354
355
356
356
357
357
359
361
364
365
365
366
369
369
369
370
372
372
373
380
381
384
386
386
387
388
391
392
393
395
395
396
397
397
398
399
399
402
404
404
404
404
405
405
405
405
406
406
407
407
409
409
410
411
411
413
415
416
419
419
420
425
427
430
430
431
431
433
434
434
436
436
437
438
439
440
441
442
442
443
444
445
446
448
448
449
449
451
451
452
456
459
460
460
460
461
461
461
462
462
462
464
465
466
467
467
470
471
471
472
474
475
477
478
478
479
480
481
481
481
483
483
484
484
487
487
488
491
492
493
493
494
496
496
497
499
500
502
503
503
503
505
505
506
508
508
510
511
511
512
514
517
517
517
517
518
520
522
522
522
522
524
524
525
525
527
527
527
527
527
529
530
531
532
532
532
533
534
535
536
536
536
538
538
538
539
542
542
545
545
548
549
550
551
553
554
558
558
559
559
560
560
561
561
566
566
567
568
570
570
571
571
572
572
574
575
577
580
581
581
584
584
584
586
587
587
588
588
589
589
590
592
592
592
595
596
596
596
597
597
598
598
599
599
602
602
603
604
605
605
606
608
609
610
610
611
611
611
612
612
613
614
614
617
618
618
620
622
622
623
623
623
624
624
624
624
625
625
625
625
626
628
629
629
630
632
632
633
633
635
635
636
636
638
640
641
642
642
644
644
646
646
648
649
649
651
653
654
656
657
657
660
660
661
661
663
664
665
666
667
668
670
671
671
671
673
673
674
674
675
675
676
677
678
678
679
680
681
682
682
684
686
689
690
690
690
692
692
693
694
694
696
696
697
698
698
699
699
700
701
702
703
703
704
705
705
705
709
709
710
714
715
717
719
722
722
722
723
725
725
726
729
730
731
732
733
734
734
734
735
736
738
741
741
742
742
743
744
744
748
748
749
750
750
750
751
751
751
752
752
753
754
756
757
757
761
762
763
768
768
769
772
775
776
777
778
778
780
781
782
782
783
784
784
785
786
786
787
788
788
790
791
796
798
798
798
799
799
803
805
805
806
806
808
808
808
808
811
816
821
822
823
823
823
824
824
824
826
826
826
827
828
828
828
829
829
831
831
831
831
836
839
840
841
841
842
843
843
844
844
845
846
847
847
847
847
849
853
857
860
862
863
865
866
866
868
868
870
872
873
873
875
875
875
875
876
878
879
882
883
883
884
884
885
888
891
892
893
893
893
894
896
896
896
897
898
899
900
901
902
903
904
907
910
911
911
912
913
913
917
917
918
918
921
922
923
924
924
924
925
925
925
925
926
926
927
927
928
929
929
931
931
933
934
935
936
936
937
940
940
941
941
941
942
943
943
944
946
946
947
948
948
951
952
952
953
953
953
954
955
956
956
956
957
958
961
962
963
964
965
967
969
969
971
971
971
972
972
973
974
975
981
982
983
983
989
990
990
992
992
992
992
993
995
995
995
995
998
998
998
998
999
1000
